At time 1732541195.423799119
- Translation: [0.000, 0.000, 0.000]
- Rotation: in Quaternion [0.000, 0.000, 0.904, 0.428]
- Rotation: in RPY (radian) [0.000, -0.000, 2.256]
- Rotation: in RPY (degree) [0.000, -0.000, 129.266]
- Matrix:
 -0.633 -0.774  0.000  0.000
  0.774 -0.633  0.000  0.000
  0.000  0.000  1.000  0.000
  0.000  0.000  0.000  1.000
At time 1732541196.432394672
- Translation: [0.357, 0.955, 0.000]
- Rotation: in Quaternion [-0.000, -0.000, 0.638, 0.770]
- Rotation: in RPY (radian) [-0.000, -0.000, 1.384]
- Rotation: in RPY (degree) [-0.000, -0.000, 79.287]
- Matrix:
  0.186 -0.983 -0.000  0.357
  0.983  0.186  0.000  0.955
  0.000 -0.000  1.000  0.000
  0.000  0.000  0.000  1.000
At time 1732541197.424201055
- Translation: [1.636, 0.774, 0.000]
- Rotation: in Quaternion [0.000, 0.000, 0.458, 0.889]
- Rotation: in RPY (radian) [0.000, -0.000, 0.952]
- Rotation: in RPY (degree) [0.000, -0.000, 54.542]
- Matrix:
  0.580 -0.815  0.000  1.636
  0.815  0.580  0.000  0.774
  0.000  0.000  1.000  0.000
  0.000  0.000  0.000  1.000
At time 1732541198.430676891
- Translation: [1.973, 0.928, 0.000]
- Rotation: in Quaternion [0.000, 0.000, 0.496, 0.868]
- Rotation: in RPY (radian) [0.000, -0.000, 1.038]
- Rotation: in RPY (degree) [0.000, -0.000, 59.453]
- Matrix:
  0.508 -0.861  0.000  1.973
  0.861  0.508  0.000  0.928
  0.000  0.000  1.000  0.000
  0.000  0.000  0.000  1.000
At time 1732541199.423483792
- Translation: [1.980, 1.199, 0.000]
- Rotation: in Quaternion [0.000, 0.000, 0.554, 0.832]
- Rotation: in RPY (radian) [0.000, -0.000, 1.175]
- Rotation: in RPY (degree) [0.000, -0.000, 67.325]
- Matrix:
  0.386 -0.923  0.000  1.980
  0.923  0.386  0.000  1.199
  0.000  0.000  1.000  0.000
  0.000  0.000  0.000  1.000
At time 1732541200.431216227
- Translation: [2.703, 1.481, 0.000]
- Rotation: in Quaternion [0.000, 0.000, 0.327, 0.945]
- Rotation: in RPY (radian) [0.000, -0.000, 0.666]
- Rotation: in RPY (degree) [0.000, -0.000, 38.155]
- Matrix:
  0.786 -0.618  0.000  2.703
  0.618  0.786  0.000  1.481
  0.000  0.000  1.000  0.000
  0.000  0.000  0.000  1.000
At time 1732541201.423210416
- Translation: [1.797, 0.438, 0.000]
- Rotation: in Quaternion [0.000, 0.000, 0.107, 0.994]
- Rotation: in RPY (radian) [0.000, -0.000, 0.215]
- Rotation: in RPY (degree) [0.000, -0.000, 12.305]
- Matrix:
  0.977 -0.213  0.000  1.797
  0.213  0.977  0.000  0.438
  0.000  0.000  1.000  0.000
  0.000  0.000  0.000  1.000
At time 1732541202.431174063
- Translation: [0.930, 0.104, 0.000]
- Rotation: in Quaternion [0.000, 0.000, -0.012, 1.000]
- Rotation: in RPY (radian) [0.000, 0.000, -0.025]
- Rotation: in RPY (degree) [0.000, 0.000, -1.416]
- Matrix:
  1.000  0.025  0.000  0.930
 -0.025  1.000 -0.000  0.104
 -0.000  0.000  1.000  0.000
  0.000  0.000  0.000  1.000
At time 1732541203.423820144
- Translation: [0.467, 0.025, 0.000]
- Rotation: in Quaternion [0.000, 0.000, -0.068, 0.998]
- Rotation: in RPY (radian) [0.000, 0.000, -0.136]
- Rotation: in RPY (degree) [0.000, 0.000, -7.809]
- Matrix:
  0.991  0.136  0.000  0.467
 -0.136  0.991 -0.000  0.025
 -0.000  0.000  1.000  0.000
  0.000  0.000  0.000  1.000
At time 1732541204.431348725
- Translation: [0.231, 0.006, 0.000]
- Rotation: in Quaternion [0.000, 0.000, -0.095, 0.995]
- Rotation: in RPY (radian) [0.000, 0.000, -0.191]
- Rotation: in RPY (degree) [0.000, 0.000, -10.930]
- Matrix:
  0.982  0.190  0.000  0.231
 -0.190  0.982 -0.000  0.006
 -0.000  0.000  1.000  0.000
  0.000  0.000  0.000  1.000
At time 1732541205.423212782
- Translation: [0.115, 0.001, 0.000]
- Rotation: in Quaternion [0.000, 0.000, -0.108, 0.994]
- Rotation: in RPY (radian) [0.000, 0.000, -0.217]
- Rotation: in RPY (degree) [0.000, 0.000, -12.433]
- Matrix:
  0.977  0.215  0.000  0.115
 -0.215  0.977 -0.000  0.001
 -0.000  0.000  1.000  0.000
  0.000  0.000  0.000  1.000
At time 1732541206.432621339
- Translation: [0.057, 0.000, 0.000]
- Rotation: in Quaternion [0.000, 0.000, -0.115, 0.993]
- Rotation: in RPY (radian) [0.000, 0.000, -0.230]
- Rotation: in RPY (degree) [0.000, 0.000, -13.171]
- Matrix:
  0.974  0.228  0.000  0.057
 -0.228  0.974 -0.000  0.000
 -0.000  0.000  1.000  0.000
  0.000  0.000  0.000  1.000
At time 1732541207.423646267
- Translation: [0.028, 0.000, 0.000]
- Rotation: in Quaternion [0.000, 0.000, -0.118, 0.993]
- Rotation: in RPY (radian) [0.000, 0.000, -0.236]
- Rotation: in RPY (degree) [0.000, 0.000, -13.528]
- Matrix:
  0.972  0.234  0.000  0.028
 -0.234  0.972 -0.000  0.000
 -0.000  0.000  1.000  0.000
  0.000  0.000  0.000  1.000
At time 1732541208.432236223
- Translation: [0.014, 0.000, 0.000]
- Rotation: in Quaternion [0.000, 0.000, -0.119, 0.993]
- Rotation: in RPY (radian) [0.000, 0.000, -0.239]
- Rotation: in RPY (degree) [0.000, 0.000, -13.703]
- Matrix:
  0.972  0.237  0.000  0.014
 -0.237  0.972 -0.000  0.000
 -0.000  0.000  1.000  0.000
  0.000  0.000  0.000  1.000
At time 1732541209.424548872
- Translation: [0.007, 0.000, 0.000]
- Rotation: in Quaternion [0.000, 0.000, -0.120, 0.993]
- Rotation: in RPY (radian) [0.000, 0.000, -0.241]
- Rotation: in RPY (degree) [0.000, 0.000, -13.788]
- Matrix:
  0.971  0.238  0.000  0.007
 -0.238  0.971 -0.000  0.000
 -0.000  0.000  1.000  0.000
  0.000  0.000  0.000  1.000
At time 1732541210.432597304
- Translation: [0.003, 0.000, 0.000]
- Rotation: in Quaternion [0.000, 0.000, -0.120, 0.993]
- Rotation: in RPY (radian) [0.000, 0.000, -0.241]
- Rotation: in RPY (degree) [0.000, 0.000, -13.830]
- Matrix:
  0.971  0.239  0.000  0.003
 -0.239  0.971 -0.000  0.000
 -0.000  0.000  1.000  0.000
  0.000  0.000  0.000  1.000
At time 1732541211.423786261
- Translation: [0.002, 0.000, 0.000]
- Rotation: in Quaternion [0.000, 0.000, -0.121, 0.993]
- Rotation: in RPY (radian) [0.000, 0.000, -0.242]
- Rotation: in RPY (degree) [0.000, 0.000, -13.850]
- Matrix:
  0.971  0.239  0.000  0.002
 -0.239  0.971 -0.000  0.000
 -0.000  0.000  1.000  0.000
  0.000  0.000  0.000  1.000
At time 1732541212.415105096
- Translation: [0.001, -0.000, 0.000]